$ 1 5.0000000000000004e-8 10.20027730826997 50 5 50 5e-11
165 576 256 624 256 6 11.99999988
w 576 352 576 368 0
w 576 368 576 384 0
c 640 416 640 464 0 1.0000000000000001e-7 7.999938520592695 0.001
w 672 416 672 464 0
w 656 464 640 464 0
w 640 464 512 464 0
c 512 464 512 384 0 6.8000000000000005e-9 -5.311277887397147 0.001
d 512 384 512 352 2 1N34
r 512 352 512 304 0 2200
174 512 272 544 304 1 10000 0.5 Resistance
r 512 272 512 176 0 2200
w 704 288 704 224 0
w 704 224 640 224 0
w 640 224 640 176 0
w 512 176 640 176 0
172 640 176 640 80 0 7 12 12 0 0 0.5 Voltage
w 544 288 576 288 0
w 544 288 544 256 0
w 544 256 464 256 0
d 464 256 464 384 2 1N34
w 464 384 512 384 0
w 672 464 784 464 0
w 704 320 784 320 0
p 784 320 784 464 1 0 0
403 832 352 1040 432 0 24_16_0_37130_20_0.1_0_1
w 656 464 672 464 0
g 656 464 656 496 0 0
w 576 368 544 384 0
w 544 384 512 384 0
