$ 1 0.004 1.2700821376227165 50 5 50
t 224 144 272 144 0 1 -8.82603325605271 0.14720955893384088 100
t 224 224 304 224 0 1 -8.635281229286838 0.21188058291658735 100
t 224 304 352 304 0 1 -8.596886891499578 0.221320773109555 100
c 224 304 224 368 0 0.000009999999999999999 0.221320773109555
c 224 224 224 272 0 0.000009999999999999999 0.21188058291658735
c 224 144 224 192 0 0.000009999999999999999 0.14720955893384088
g 224 192 224 208 0
g 224 272 224 288 0
g 224 368 224 384 0
w 80 144 80 224 0
w 80 224 80 304 0
r 80 144 160 144 0 1000
r 80 224 160 224 0 3300
r 80 304 160 304 0 5600
r 160 304 160 368 0 1000
g 160 368 160 384 0
w 160 304 224 304 0
r 160 224 160 272 0 1000
g 160 272 160 288 0
w 160 224 224 224 0
r 160 144 160 192 0 1000
g 160 192 160 208 0
w 160 144 224 144 0
162 272 96 272 128 2 default-led 1 1 0 0.01
172 272 64 272 0 0 7 9 9 0 0 0.5 Voltage
r 272 96 272 64 0 470
w 272 64 304 64 0
r 304 176 304 144 0 470
162 304 176 304 208 2 default-led 1 1 0 0.01
w 304 64 304 144 0
r 352 256 352 224 0 220.00000000000003
162 352 256 352 288 2 default-led 1 1 0 0.01
w 304 64 352 64 0
w 352 64 352 224 0
g 352 320 352 368 0
g 304 240 304 272 0
g 272 160 272 192 0
w -128 -80 -176 -80 0
172 -128 -176 -128 -240 0 7 9 9 0 0 0.5 Voltage
w -64 -112 -16 -112 0
w -64 -80 -64 -112 0
w -128 -80 -64 -80 0
w 96 -176 -128 -176 0
g 96 -32 96 0 0
r 96 -96 96 -32 0 10000
r 96 -96 96 -176 0 10000
w 32 -96 96 -96 0
g 32 -32 32 0 0
w 32 -96 32 -64 0
w -16 -80 -16 -48 0
t -16 -48 32 -48 0 1 -4.362829917048052 0.13716998144694828 100
t 32 -96 -16 -96 0 -1 4.362829917048052 7.557645804198465 100
w -240 -176 -128 -176 0
g -240 -16 -240 0 0
g -128 -16 -128 0 0
c -128 -80 -128 -16 0 0.0000022 -3.057645905703464
r -128 -112 -128 -176 0 22000
t -240 -96 -128 -96 0 -1 11.23959961902559 -0.4867799603328873 100
r -240 -96 -240 -16 0 10000
r -240 -176 -240 -96 0 1000
a -176 144 -80 144 9 5 0 1000000 -0.00030570828321129303 -3.0573885403961416 100000
w -176 160 -176 192 0
w -176 192 -80 192 0
w -80 144 -80 192 0
w -80 144 80 144 0
t -224 112 -176 112 0 1 0.543357777933346 0.5431004126260235 100
r -224 112 -304 112 0 56000
L -304 112 -352 112 0 1 false 5 0
w -176 -80 -176 96 0
