$ 1 0.0005 2.275989509352673 50 5 43
v -32 288 -32 192 0 1 50 220 0 0 0.5
w -32 192 32 192 0
w -32 288 32 288 0
T 32 224 96 240 0 4 0.1 0.05106492013816355 9.769962616701378e-15 0.999
w 32 192 32 224 0
w 32 256 32 288 0
p 96 224 96 256 1 0
w 96 224 96 144 0
w 96 256 96 336 0
g -32 288 -32 352 0
d 144 192 224 192 2 default
d 224 192 304 192 2 default
d 224 288 304 288 2 default
d 144 288 224 288 2 default
w 304 192 304 240 0
w 304 240 304 288 0
w 224 288 224 336 0
w 224 192 224 144 0
w 144 192 144 240 0
w 144 240 144 288 0
w 96 144 224 144 0
w 96 336 224 336 0
w 144 240 128 240 0
w 128 240 128 352 0
w 128 352 352 352 0
w 304 240 352 240 0
p 352 240 352 352 1 0
r 352 240 416 240 0 0.1
209 416 240 416 352 0 0.001 19.541797185006885 1
w 416 352 352 352 0
w 416 240 480 240 0
g 480 352 480 368 0
p 480 240 480 352 1 0
w 480 240 576 240 0
r 576 240 576 352 0 100
g 576 352 576 368 0
g 128 352 128 368 0
403 624 288 752 352 0 34_16_0_37130_40_0.1_0_2_34_3
