$ 1 0.0005 0.42987889063095264 50 5 50 5e-11
r -128 -16 -128 64 0 2200
r -240 80 -176 80 0 2200
w -128 96 -128 144 0
t -176 80 -128 80 0 1 -11.99791180231277 2.6615401858303044e-8 100 default
172 -128 -16 -192 -16 0 7 12 12 0 0 0.5 Voltage
368 160 144 160 64 0 0
w -32 144 16 144 0
c -32 64 16 64 0 1e-8 -11.885438902101082 0.001
d 64 64 64 144 2 default
c 16 144 64 144 0 1e-8 -11.883588361336376 0.001
w 16 64 64 64 0
d 16 144 16 64 2 default
d -80 144 -80 64 2 default
g -128 144 -128 160 0 0
w -80 144 -128 144 0
w -80 64 -32 64 0
c -80 144 -32 144 0 1e-8 -11.879443639263528 0.001
d -32 64 -32 144 2 default
c -128 64 -80 64 0 1e-8 0.06657456645138993 0.001
R -240 80 -288 80 0 2 925 2.5 2.5 0 0.5
w 64 144 160 144 0
c 160 144 160 176 0 0.000001 23.763032000599903 0.001
g 160 176 160 192 0 0
w -240 80 -240 304 0
r -240 304 -176 304 0 2200
t -176 304 -128 304 0 1 -11.99790923346314 2.6615396645457143e-8 100 default
172 -128 208 -176 208 0 7 12 12 0 0 0.5 Voltage
r -128 208 -128 288 0 2200
g -128 368 -128 416 0 0
c 160 368 160 400 0 0.000001 -23.763037455348954 0.001
w 64 368 160 368 0
c -128 288 -80 288 0 1e-8 11.948753874385615 0.001
d -80 288 -80 368 2 default
c -80 368 -32 368 0 1e-8 11.884451439061772 0.001
w -80 288 -32 288 0
w -80 368 -128 368 0
d -32 368 -32 288 2 default
d 64 368 64 288 2 default
w 16 288 64 288 0
c 16 368 64 368 0 1e-8 11.878586016287182 0.001
d 16 288 16 368 2 default
c -32 288 16 288 0 1e-8 11.877132486365703 0.001
w -32 368 16 368 0
368 160 368 160 288 0 0
w -128 320 -128 368 0
g 160 400 160 416 0 0
