$ 1 0.000005 10.20027730826997 50 5 50
172 320 192 144 192 0 7 3.2 8.2 3.2 0 0.5 Voltage
R 288 80 288 48 0 0 40 5 0 0 0.5
O 432 208 432 160 0
g 288 336 288 368 0
r 288 272 288 336 0 22000
r 288 144 288 80 0 10000
w 288 224 288 144 0
w 288 224 288 272 0
w 288 224 320 224 0
r 432 272 288 272 0 100000
w 432 208 432 272 0
a 320 208 432 208 8 5 0 1000000 3.2 3.538013869943023 100000
172 640 96 640 32 0 7 6.36 9 6 0 0.5 Voltage
t 592 192 640 192 0 -1 5.832743177766866 -0.5271492656707588 100
w 640 96 640 144 1
r 528 208 432 208 0 10000
r 640 224 640 320 0 1.5
g 640 320 640 352 0
w 640 144 640 176 0
t 528 208 592 208 0 -1 5.424964007907095 -0.40777916985977125 100
w 592 224 640 224 0
w 640 208 640 224 0
w 640 144 528 144 0
r 528 144 528 208 0 22000
368 640 224 736 224 0 0
368 640 176 736 176 0 0
