$ 1 2.5000000000000004e-7 2.922428378123494 61 10 50
a 304 368 432 368 8 12 -12 1000000 -3.1490563024142046 -6.000142548323595 100000
w 304 352 304 304 0
w 432 304 432 368 0
w 432 368 432 432 0
r 432 432 304 432 0 100000
w 304 384 304 432 0
r 304 432 208 432 0 100000
g 208 432 208 464 0
c 304 304 208 304 0 2.2000000000000003e-9 -3.1490563024142046
g 208 304 208 336 0
w 432 368 512 368 0
g 512 448 512 464 0
p 512 368 512 448 1 0
403 448 496 576 560 0 12_4_0_37130_20_0.1_0_1
a 832 352 928 352 8 12 -12 1000000 0.5984984803901033 0.5985242158247601 100000
w 592 368 512 368 0
w 832 336 832 288 0
w 928 288 928 352 0
w 928 352 992 352 0
p 992 352 992 432 1 0
g 992 432 992 464 0
403 944 496 1072 560 0 19_4_0_37130_20_0.1_0_1
r 592 368 672 368 0 1800
g 672 448 672 480 0
g 752 448 752 480 0
r 672 368 752 368 0 1800
g 832 448 832 480 0
r 752 368 832 368 0 1800
c 672 368 672 448 0 2.2000000000000003e-9 -5.7678860065479105
c 752 368 752 448 0 2.2000000000000003e-9 -1.4090561235171317
c 832 368 832 448 0 2.2000000000000003e-9 0.5985242158247601
r 832 288 928 288 0 3300
r 832 288 752 288 0 1000
g 752 288 752 240 0
207 992 352 1104 352 4 label
r 432 304 304 304 0 4700
