$ 1 2.5000000000000004e-7 4.252108200006279 61 10 50
a 304 368 432 368 8 5 0 1000000 1.9025979849651826 1.666658802027235 100000
w 304 352 304 304 0
w 432 304 432 368 0
w 432 368 432 432 0
r 432 432 304 432 0 100000
w 304 384 304 432 0
r 304 432 208 432 0 100000
c 304 304 208 304 0 1e-8 1.9025979849651826
g 208 304 208 336 0
w 432 368 512 368 0
g 512 448 512 464 0
p 512 368 512 448 1 0
403 560 368 688 432 0 11_4_0_37130_10_0.1_0_1
d 320 288 400 288 2 default
d 400 320 320 320 2 default
w 320 288 320 304 0
w 320 304 304 304 0
w 320 304 320 320 0
174 400 288 432 320 1 10000 0.49010000000000004 Resistance
g 208 432 208 464 0
r 304 432 304 496 0 100000
172 304 496 400 496 0 7 5 5 0 0 0.5 Voltage
