$ 1 2.5000000000000004e-7 4.252108200006279 61 10 50
a 304 368 432 368 8 15 -15 1000000 -1.6026023717110394 -7.500294877143463 100000
w 304 352 304 304 0
w 432 304 432 368 0
w 432 368 432 432 0
r 432 432 304 432 0 100000
w 304 384 304 432 0
r 304 432 208 432 0 100000
g 208 432 208 464 0
c 304 304 208 304 0 2.2000000000000003e-9 -1.6026023717110394
g 208 304 208 336 0
w 432 368 512 368 0
g 512 448 512 464 0
p 512 368 512 448 1 0
403 560 368 688 432 0 12_4_0_37130_20_0.1_0_1
d 320 288 400 288 2 default
d 400 320 320 320 2 default
w 320 288 320 304 0
w 320 304 304 304 0
w 320 304 320 320 0
174 400 288 432 320 1 10000 0.7673000000000001 Resistance
