$ 1 0.00009999999999999999 10.20027730826997 50 5 50
r 304 176 304 256 0 1000
r 304 256 304 336 0 10000
t 304 256 416 256 0 -1 7.570454741119324 -0.4503246482673209 100
r 416 240 416 176 0 100000
c 416 272 416 336 0 1e-7 0.6113965480834271
g 416 336 416 352 0
g 304 336 304 352 0
w 304 176 416 176 0
t 576 256 528 256 0 -1 4.362829917131359 3.8886033504115916 100
t 528 304 576 304 0 1 -4.362829917131359 0.13716998136365965 100
w 528 272 528 304 0
w 576 256 576 288 0
g 576 320 576 352 0
w 576 256 640 256 0
r 640 256 640 176 0 10000
r 640 256 640 320 0 10000
g 640 320 640 352 0
w 640 176 416 176 0
w 416 272 480 272 0
w 480 272 480 240 0
w 480 240 528 240 0
172 416 176 416 112 0 7 9 9 0 0 0.5 Voltage
w 416 272 368 272 0
w 368 272 368 400 0
368 368 400 368 432 0 0
403 736 256 1072 368 0 24_16_0_45322_4.83666762992796_0.0001_0_2_24_3
