$ 1 0.0005 10.20027730826997 50 5 50 5e-11
r 304 176 304 256 0 1000
r 304 256 304 336 0 10000
t 304 256 416 256 0 -1 10.511334749247332 -0.4503245768541113 100 default
r 416 240 416 176 0 100000
c 416 272 416 336 0 1e-7 -2.3294834696876587 0.001
g 416 336 416 352 0 0
g 304 336 304 352 0 0
w 304 176 416 176 0
t 576 256 528 256 0 -1 4.274170128341859 6.829480307213549 100 default
t 528 304 576 304 0 1 -4.274170128341859 0.225826709184032 100 default
w 528 272 528 304 0
w 576 256 576 288 0
g 576 320 576 352 0 0
w 576 256 640 256 0
r 640 256 640 176 0 10000
r 640 256 640 320 0 10000
g 640 320 640 352 0 0
w 640 176 416 176 0
w 416 272 480 272 0
w 480 272 480 240 0
w 480 240 528 240 0
172 416 176 416 112 0 7 9 9 0 0 0.5 Voltage
w 416 272 368 272 0
368 368 400 368 432 0 0
d 368 272 368 400 2 default
c 368 400 304 400 0 4.700000000000001e-9 2.895655372263288 0.001
g 304 400 304 432 0 0
403 416 448 544 512 0 23_16_0_37130_5_0.1_0_2_23_3
