$ 1 2.5000000000000004e-7 0.625470095193633 61 10 50
a 304 368 432 368 8 12 -12 1000000 -2.61904997083878 6.000430968068206 100000
w 304 352 304 304 0
w 432 304 432 368 0
w 432 368 432 432 0
r 432 432 304 432 0 100000
w 304 384 304 432 0
r 304 432 208 432 0 100000
g 208 432 208 464 0
c 304 304 208 304 0 2.2000000000000003e-9 -2.61904997083878
g 208 304 208 336 0
w 512 368 592 368 1
g 592 448 592 464 0
p 592 368 592 448 1 0
403 480 480 720 592 0 12_2_0_37130_20_0.1_0_1
d 320 288 400 288 2 default
d 400 320 320 320 2 default
w 320 288 320 304 0
w 320 304 304 304 0
w 320 304 320 320 0
174 400 288 432 320 1 10000 0.5 Resistance
a 1120 336 1216 336 8 12 -12 1000000 -2.499155947486811 -2.499263411192553 100000
w 672 368 592 368 0
w 1120 320 1120 272 0
w 1216 272 1216 336 0
w 1216 336 1280 336 0
p 1280 336 1280 416 1 0
g 1280 416 1280 448 0
403 1168 464 1392 576 0 25_2_0_37130_20_0.1_0_1
r 672 368 752 368 0 1800
g 752 448 752 480 0
g 832 448 832 480 0
r 752 368 832 368 0 1800
g 912 448 912 480 0
r 832 368 912 368 0 1800
c 752 368 752 448 0 2.2000000000000003e-9 0.6177200599292251
c 832 368 832 448 0 2.2000000000000003e-9 -2.5956479394696577
c 912 368 912 448 0 2.2000000000000003e-9 -2.499288403826665
r 1120 272 1216 272 0 3300
r 1120 272 1040 272 0 1000
g 1040 272 1040 224 0
207 1280 336 1392 336 4 label
w 736 272 736 144 1
s 736 144 736 80 0 0 false
r 736 80 736 16 0 100
g 736 16 736 -32 0
g 1280 144 1280 96 0
r 1280 208 1280 144 0 100
s 1280 272 1280 208 0 0 false
w 1280 336 1280 272 1
403 800 0 1056 128 0 43_4_0_37130_20_0.1_0_2_43_3
403 1328 112 1536 224 0 46_2_0_37130_20_0.1_0_2_46_3
r 432 368 512 368 0 100
a 592 272 704 272 8 12 -12 1000000 11.401635189417537 11.40174920576943 100000
w 592 256 592 208 0
w 592 208 704 208 0
w 704 208 704 272 0
w 704 272 736 272 0
w 592 288 592 368 0
w 976 368 912 368 0
w 1088 352 1120 352 0
w 1088 304 1088 352 0
w 976 304 1088 304 0
w 976 336 976 304 0
a 976 352 1088 352 8 12 -12 1000000 -2.499263411192553 -2.499288403826665 100000
