$ 1 0.000005 10.20027730826997 50 5 50
r 144 80 144 176 0 33000
c 144 176 144 256 0 0.000001 0.6274390202019005
t 144 176 256 176 0 1 0.5355396176433886 0.6274390202019005 100
162 256 80 256 128 2 default-led 1 0 0 0.01
w 256 80 192 80 0
w 144 80 192 80 0
r 256 128 256 160 0 1000
g 256 192 256 304 0
g 144 256 144 304 0
172 192 80 192 16 0 7 5 5 0 0 0.5 Voltage
368 256 160 352 160 0 0
403 304 208 432 272 0 10_16_0_37130_0.3125_0.1_0_2_10_3
w 144 176 80 176 0
g 80 240 80 304 0
t 32 224 80 224 0 1 -0.6274390201799005 2.199999999917136e-11 100
w 80 176 80 208 0
L 0 224 -32 224 2 0 true 5 0
r 32 224 0 224 0 220.00000000000003
