$ 1 5.0000000000000004e-8 3.046768661252054 50 5 50 5e-11
R 144 224 96 224 0 2 14000 2.5 2.5 0 0.5
r 144 224 192 224 0 1000
t 192 224 240 224 0 1 -23.513591681861765 2.361359164417031e-8 100 default
w 240 208 240 176 0
r 240 176 352 176 0 1000
r 240 112 352 112 0 10000
w 240 112 240 176 0
g 240 240 240 336 0 0
f 352 176 432 176 32 3.5 3
172 432 48 432 0 0 7 12 12 0 0 0.5 Voltage
w 352 112 528 112 0
d 528 48 528 112 2 default
w 528 48 432 48 0
w 432 48 432 160 0
w 432 192 432 240 0
181 432 240 432 304 0 327.2455424290413 100 120 0.4 0.4
g 432 304 432 336 0 0
209 528 112 528 240 0 1e-9 11.54357803467135 0.001 1
w 528 240 432 240 0
368 352 176 352 224 0 0
368 192 224 192 160 0 0
368 528 112 608 112 0 0
368 432 240 400 240 0 0
