$ 1 0.000005 10.20027730826997 50 5 50
172 528 384 528 432 0 7 0 5 -5 0 0.5 Voltage
172 528 144 528 96 0 7 5 5 0 0 0.5 Voltage
r 528 192 528 256 0 100
r 528 288 528 336 0 100
r 464 272 416 272 0 1000
370 528 144 528 192 1 0
370 528 336 528 384 1 0
370 336 272 416 272 1 0
368 528 256 640 256 0 0
368 528 288 592 288 0 0
368 464 272 464 208 0 0
R 336 272 272 272 0 2 40 5 0 0 0.5
403 208 160 336 224 0 11_16_0_37130_5_0.1_0_2_11_3
403 624 176 752 240 0 8_16_0_37130_5_0.1_0_2_8_3
403 624 320 752 384 0 9_16_0_37130_5_0.1_0_2_9_3
t 464 272 528 272 0 1 -9.999999999889 -4.9999999998988995 100
