$ 1 0.000005 10.20027730826997 50 5 50
172 144 80 144 32 0 7 5 5 0 0 0.5 Voltage
r 144 80 144 160 0 1000
r 288 80 288 144 0 10000
w 288 80 144 80 0
t 96 176 144 176 0 1 -0.9416635531835738 0.35826997687715223 100
r 144 160 224 160 0 220.00000000000003
t 224 160 288 160 0 1 0.6056508927166493 0.62712231879043 100
r 224 160 224 240 0 819.9999999999999
g 224 240 224 256 0
w 144 192 144 288 0
w 288 176 288 288 0
w 288 288 144 288 0
r 144 288 144 352 0 330
g 144 352 144 368 0
172 96 176 48 176 0 7 1 5 0 0 0.5 Voltage
368 288 144 368 144 0 0
x 307 11 558 14 4 24 Vht\s\q\sRe\sV\p\s/\sRe\s\p\sRc2
x 308 45 551 48 4 24 Vlt\s\q\sRe\sV\p\s/\sRe\s\p\sRc1
