$ 1 7.5e-7 0.8031194996067259 67 5 50
v 208 272 208 128 0 0 40 12 0 0 0.5
l 400 128 576 128 0 0.00015 0.1317959322591506
f 320 176 320 128 40 3.5 3
w 336 128 400 128 0
d 400 272 400 128 2 1N34
w 400 272 208 272 0
w 400 272 576 272 0
r 688 128 688 272 0 22
403 608 320 736 384 0 7_16_0_37130_20_0.1_0_2_7_3
209 576 128 576 272 0 0.000009999999999999999 5.895964612446144 1
w 576 128 688 128 1
w 576 272 688 272 0
403 608 416 736 480 0 7_16_0_37129_2.5_0.8_0_2_7_3
r 320 176 256 176 0 100000
g 256 176 256 208 0
r 96 384 96 416 0 1800
w 96 480 96 512 0
w 64 512 96 512 0
w 64 496 64 512 0
174 32 480 80 496 1 100000 0.9851000000000001 Resistance
172 -32 544 64 544 0 7 12 12 0 0 0.5 Voltage
r -32 480 -32 544 0 100000
g -128 480 -128 512 0
174 64 336 96 368 1 10000 0.24260000000000004 Resistance
w -16 352 -16 368 0
w -16 352 -32 352 0
w -16 336 -16 352 0
d 64 368 -16 368 2 default
d -16 336 64 336 2 default
p 176 416 176 496 1 0
g 176 496 176 512 0
w 96 416 176 416 0
g -128 352 -128 384 0
c -32 352 -128 352 0 1e-8 5.335891088076093
r -32 480 -128 480 0 100000
w -32 432 -32 480 0
r 32 480 -32 480 0 100000
w 96 416 96 480 0
w 96 352 96 384 0
w -32 400 -32 352 0
a -32 416 96 416 8 12 0 1000000 5.335891088076093 7.207232530309489 100000
a 176 400 272 400 8 12 0 1000000 12.000000006711545 12.000187122144224 100000
w 176 384 176 352 0
w 176 352 272 352 0
w 272 352 272 400 0
w 320 176 320 400 0
w 320 400 272 400 0
403 240 416 464 496 0 46_4_0_37130_20_0.1_0_2_46_3
403 384 48 592 112 0 1_4_0_45321_0.0001_0.5970701351997921_0_2_1_3
368 688 128 688 64 0 2
368 320 176 368 176 0 0
d 688 128 800 128 2 1N4004
w 800 272 688 272 0
c 800 128 800 272 0 3.3e-8 5.852197858404623
r 800 128 912 128 0 100000
g 912 128 912 272 0
g 208 272 208 288 0
368 800 128 800 64 0 0
r 304 128 208 128 0 0.22
