$ 1 5.000000000000001e-7 2.008553692318767 50 5 50
v 112 176 112 64 0 0 40 19 0 0 0.5
f 208 80 208 64 40 3.5 5
f 352 128 368 128 32 3.5 5
w 224 64 368 64 0
w 368 64 368 112 0
l 368 64 496 64 0 0.00015 0.22449925998239456
f 480 128 496 128 32 3.5 5
w 496 64 496 112 0
w 112 64 192 64 0
w 208 80 208 256 0
w 256 128 256 256 0
w 480 128 432 128 0
w 432 128 432 256 0
w 496 64 544 64 0
w 576 64 624 64 0
r 704 64 704 176 0 100
g 704 176 704 192 0
g 112 176 112 192 0
w 560 80 560 256 0
f 560 80 560 64 40 3.5 5
R 208 256 176 256 0 2 62500 2.5 2.5 0 1
R 256 256 304 256 0 2 62500 2.5 2.5 0 0.43
R 432 256 400 256 0 2 62500 2.5 2.5 0 0
R 560 256 496 256 0 2 62500 2.5 2.5 0 1
g 368 144 368 192 0
g 496 144 496 192 0
x -113 -50 380 -47 4 24 Buck\s-\sS1\sPWM,\sS2\sopen,\sS3\sopen,\sS4\sclosed
209 624 64 624 176 0 0.001 0.919054106589888 1
g 624 176 624 192 0
w 624 64 704 64 3
x -116 -17 408 -14 4 24 Boost\s-\sS1\sclosed,\sS2\sPWM,\s\sS3\sopen,\sS4\sclosed
w 256 128 352 128 0
403 752 112 880 176 0 15_16_0_37129_2.5_0.0125_0_2_15_3
403 752 32 880 96 0 15_16_0_37130_1.25_0.1_0_2_15_3
r 256 256 256 320 0 100000
g 256 320 256 336 0
g 208 320 208 336 0
r 208 256 208 320 0 100000
g 432 320 432 336 0
r 432 256 432 320 0 100000
g 560 320 560 336 0
r 560 256 560 320 0 100000
38 20 5 0 100 Duty\sCycle
38 21 5 0 100 Duty\sCycle
38 22 5 0 100 Duty\sCycle
38 23 5 0 100 Duty\sCycle
