$ 1 7.8125e-7 10.20027730826997 50 5 50
v 240 288 240 96 0 1 50 220 0 0 0.5
d 240 96 336 96 2 default
c 336 96 336 288 0 0.00001 0
w 336 288 240 288 0
w 336 96 448 96 0
T 448 176 512 192 0 4 1 0 0 0.999
w 448 96 448 176 0
w 448 208 448 224 0
w 448 256 448 288 0
w 448 288 336 288 0
f 384 240 448 240 32 1.5 3
368 336 96 336 32 0 0
R 384 240 384 368 0 2 40000 2.5 2.5 0 0.5
w 512 176 512 96 0
w 512 208 512 288 0
d 512 96 624 96 2 default
209 624 96 624 288 0 0.00001 0 1
w 624 288 512 288 0
g 448 336 448 368 0
w 448 288 448 336 0
w 624 288 624 336 0
w 624 336 448 336 0
r 752 96 752 288 0 1000
w 752 96 624 96 0
w 752 288 624 288 0
368 752 96 752 32 0 0
403 800 144 928 208 0 22_16_0_37129_5_0.1_0_2_22_3
38 12 5 10 90 Duty\sCycle
