$ 1 0.0000049999999999999996 1.1685319768402522 50 5 50
v 96 256 96 112 0 0 40 5 0 0 0.5
g 96 256 96 288 0
r 96 112 192 112 0 0.01
209 192 112 192 256 0 0.00047 5.001135250291834 1
g 192 256 192 288 0
l 192 112 320 112 0 0.00015 0.057686052002981866
f 272 192 320 192 32 1.5 0.02
w 320 112 320 176 0
R 272 192 272 368 0 2 10000 24 0 0 0.444
g 320 208 320 288 0
l 432 112 432 256 0 0.00015 0.10630833114943937
g 432 256 432 288 0
d 432 112 544 112 2 1N4148
209 544 112 544 256 0 0.00009999999999999999 5.459034285262524 1
g 544 256 544 288 0
w 544 112 640 112 3
r 640 112 640 256 0 100
g 640 256 640 288 0
c 320 112 432 112 0 1e-7 -2.2008270565417276
403 688 160 816 224 0 16_16_0_37129_5_0.1_0_2_16_3
38 8 5 10 90 Duty\sCycle
