$ 1 0.00025 2.275989509352673 50 5 50
172 656 -16 656 -112 0 7 12 12 0 0 0.5 Voltage
r 656 80 656 144 0 22
c 656 144 656 224 0 0.1 7.605920679336017
g 656 224 656 272 0
368 560 144 480 144 0 0
w 656 64 656 80 1
w 656 -16 656 0 0
w 656 32 656 64 0
403 880 -96 1168 48 0 4_32_0_37130_10_0.1_0_2_4_3
R 320 -96 320 -128 0 0 40 12 0 0 0.5
g 320 160 320 192 0
r 320 96 320 160 0 22000
r 320 -32 320 -96 0 47000
w 320 48 320 -32 0
w 320 48 320 96 0
w 320 48 352 48 0
r 464 96 320 96 0 470000
w 464 32 464 96 0
a 352 32 464 32 8 12 0 1000000 3.8029603396680085 3.707864874705024 100000
w 352 16 192 16 0
r 192 16 192 320 0 10000
400 608 16 656 16 1 0\s1\s-12.000000000950859\s-7.725033421527178\s100 0\s1\s-4.2749665794236815\s0.11911274101812364\s100 1
w 656 144 752 144 0
r 752 144 752 224 0 33000
r 752 224 752 304 0 33000
w 752 224 704 224 2
w 704 224 704 320 0
w 704 320 192 320 0
g 752 304 752 320 0
s 320 96 256 96 0 1 false
r 256 96 256 160 0 100000
g 256 160 256 192 0
368 320 96 272 48 0 0
a 496 16 608 16 8 12 0 1000000 -9.50859563673479e-10 -0.000009509546496298473 100000
w 496 0 496 -48 0
w 496 -48 608 -48 0
w 608 -48 608 16 0
w 496 32 464 32 0
368 464 -32 400 -32 0 0
t 464 -128 512 -128 0 -1 0.7315382241491095 -0.6470347848388367 100
g 512 -112 512 -80 0
r 512 -240 512 -192 0 1200
162 512 -192 512 -144 2 default-led 0 1 0 0.01
r 464 -128 464 -32 0 10000
172 512 -240 512 -336 0 7 12 12 0 0 0.5 Voltage
w 656 144 560 144 0
r 560 144 560 208 0 680
g 560 208 560 256 0
w 464 -32 464 32 0
