$ 1 0.00025 9.001713130052181 50 5 50
172 656 0 656 -48 0 7 12 12 0 0 0.5 Voltage
r 656 80 656 144 0 6.8
c 656 144 656 224 0 0.05 8.223169797215045
g 656 224 656 272 0
368 656 144 592 144 0 0
w 656 64 656 80 1
w 656 0 656 16 0
w 656 48 656 64 0
403 880 -96 1168 48 0 4_32_0_37130_10_0.1_0_2_4_3
R 320 -96 320 -128 0 0 40 12 0 0 0.5
O 464 32 464 -32 0
g 320 160 320 192 0
r 320 96 320 160 0 10000
r 320 -32 320 -96 0 22000
w 320 48 320 -32 0
w 320 48 320 96 0
w 320 48 352 48 0
r 464 96 320 96 0 150000
w 464 32 464 96 0
a 352 32 464 32 8 12 0 1000000 4.111584898607522 3.58565506564615 100000
r 608 32 464 32 0 1000
w 352 16 192 16 0
r 192 16 192 320 0 10000
400 608 32 656 32 1 0\s1\s-12.000052592882296\s-8.342335117327465\s100 0\s1\s-3.657717475554831\s0.1191127271614505\s100 1
w 656 144 752 144 0
r 752 144 752 224 0 33000
r 752 224 752 304 0 33000
w 752 224 704 224 0
w 704 224 704 320 0
w 704 320 192 320 0
g 752 304 752 320 0
