$ 1 0.0005 0.575460267600573 50 5 43
209 160 160 224 160 0 0.075 7.193513031447368 1
r 160 160 112 160 0 10
v -96 288 -96 160 0 0 40 7.6 0 0 0.5
w 256 160 384 160 3
r 240 192 240 240 0 2200
172 240 240 304 240 0 7 5 5 0 0 0.5 Voltage
w 112 288 384 288 0
g 112 288 112 304 0
t 240 192 240 160 1 1 0.610235710050888 0.6734573826572313 100
w 16 160 112 160 3
w -96 288 112 288 0
w 384 160 384 288 0
w 112 160 112 96 0
w 224 160 224 96 0
p 112 96 224 96 1 0
r 16 160 -96 160 0 10
w -96 160 -96 96 0
w 16 160 16 96 0
p -96 96 16 96 1 0
368 16 160 16 192 0 0
a -48 -16 32 -16 8 5 0 1000000 7.424619362061327 7.424655024514601 100000
w -48 -32 -48 -64 0
w 32 -16 32 -64 0
r 32 -16 32 48 0 1000
g 32 48 80 48 0
r -48 0 -48 48 0 10000
r -48 48 32 48 0 10000
w -48 48 -48 64 0
w -48 64 16 64 0
w 16 64 16 96 0
r 32 -64 -48 -64 0 22000
r -48 -32 -96 -32 0 1000
w -96 -32 -96 96 0
368 32 -16 112 -16 0 0
