$ 1 0.00009999999999999999 1.0751013186076355 50 5 50
w 592 288 704 288 0
w 592 336 592 288 0
a 592 352 704 352 8 12 -12 1000000 -1.0382434062421668 -1.0382537886762293 100000
174 400 288 432 320 1 10000 0.005 Resistance
w 320 304 320 320 0
w 320 304 304 304 0
w 320 288 320 304 0
d 400 320 320 320 2 default
d 320 288 400 288 2 default
p 592 368 592 448 1 0
g 592 448 592 464 0
w 432 368 592 368 0
g 208 304 208 336 0
c 304 304 208 304 0 2.2000000000000003e-9 -0.5191165118031795
g 208 432 208 464 0
r 304 432 208 432 0 100000
w 304 384 304 432 0
r 432 432 304 432 0 100000
w 432 368 432 432 0
w 432 304 432 368 0
w 304 352 304 304 0
a 304 368 432 368 8 12 -12 1000000 -0.5191165118031795 -0.5191268943410663 100000
w 704 288 704 352 0
v 160 176 416 176 0 0 40 12 0 0 0.5
g 160 176 160 224 0
404 416 176 496 176 0 0.0613 100 0 false
l 592 176 864 176 0 0.00015 0.45986172836937955
w 496 176 592 176 0
r 704 352 784 352 0 1000
r 784 352 784 448 0 100000
g 784 448 784 464 0
f 784 352 864 352 32 3 0.3
g 864 368 864 464 0
w 864 176 864 336 0
d 864 176 944 176 2 1N4148
209 944 176 944 256 0 0.00047 22.994446090780094 1
g 944 256 944 288 0
r 1088 176 1088 256 0 100
g 1088 256 1088 288 0
r 944 176 1008 176 0 0.006
g 1008 256 1008 288 0
209 1008 176 1008 256 0 0.00047 22.993066506803384 1
370 1008 176 1088 176 1 0
w 1088 176 1168 176 0
g 1168 256 1168 288 0
p 1168 176 1168 256 1 0
403 528 496 656 560 0 9_1_0_37130_20_0.1_0_1
403 1104 336 1232 400 0 45_16_0_37130_40_0.1_0_1
