$ 1 0.0000031249999999999997 1.5642631884188172 50 5 50
T 432 96 496 96 0 4 10 -0.01761902767992685 0.0017584730599472798 0.999
w 432 96 432 32 0
w 432 128 432 208 0
t 336 -16 432 -16 0 1 -9.99861749966206 -5.042699966641016 100
t 336 48 384 48 0 -1 -0.6323854239855817 -0.6750853907276008 100
w 432 32 384 32 0
w 432 0 432 32 0
t 336 256 432 256 0 1 -9.962936018777519 -4.999999999899002 100
w 432 208 432 240 0
t 336 192 384 192 0 -1 -0.6522663390100494 -0.6879478198945952 100
w 384 208 432 208 0
g 384 64 384 80 0
g 432 272 432 304 0
w 432 -32 432 -80 0
w 80 -80 0 -80 0
v -80 96 -80 -80 0 0 40 5 0 0 0.5
g -80 96 -80 128 0
w 384 176 384 128 0
w 384 128 192 16 0
w 80 16 80 -80 0
w 80 -80 432 -80 0
r -80 -80 0 -80 0 0.1
209 0 -80 0 96 0 0.00047 4.998617499763063 1
g 0 96 0 128 0
w 336 224 304 224 0
w 336 16 304 16 0
w 304 224 304 112 0
w 304 16 304 112 0
w 80 16 192 16 0
R 176 112 176 256 0 2 10000 5 0 0 0.43
w 496 96 496 16 0
w 496 128 496 208 0
r 640 96 640 128 0 100
403 720 144 848 208 0 32_16_0_37130_0.625_0.1_0_2_32_3
w 176 112 304 112 1
r 336 192 336 224 0 1000
r 336 224 336 256 0 1000
r 336 -16 336 16 0 1000
r 336 16 336 48 0 1000
w 496 16 544 16 0
w 496 208 544 208 0
w 544 16 640 16 0
w 640 16 640 96 0
w 640 128 640 208 0
w 640 208 544 208 0
38 29 5 25 75 Duty\sCycle
