$ 1 0.000049999999999999996 6.186780925036789 50 5 50
172 144 80 144 32 0 7 5 5 0 0 0.5 Voltage
r 144 80 144 160 0 1200
r 288 80 288 144 0 12000
w 224 80 144 80 0
t 96 176 144 176 0 1 -0.13071238069548308 0.6065965740060618 200
r 144 160 224 160 0 220.00000000000003
t 224 160 288 160 0 1 -3.8977637614181235 0.3860168232521418 200
r 224 160 224 240 0 560
g 224 240 224 256 0
w 144 192 144 288 0
w 288 176 288 288 0
w 288 288 144 288 0
r 144 288 144 352 0 330
g 144 352 144 368 0
368 352 144 352 176 0 0
w 224 80 288 80 0
w 288 144 352 144 0
r 784 80 784 160 0 30000
r 784 160 784 240 0 4700
g 784 240 784 272 0
172 656 0 656 -48 0 7 12 12 0 0 0.5 Voltage
r 656 80 656 144 0 6.8
c 656 144 656 224 0 0.1 8.46017173361233
g 656 224 656 272 0
w 720 80 784 80 0
w 784 160 864 160 0
w 864 160 864 416 0
w 864 416 96 416 0
w 96 416 96 176 0
w 720 80 720 144 0
w 720 144 656 144 0
368 656 144 592 144 0 0
r 352 144 416 144 0 3300
t 416 144 480 144 0 1 -4.435175425778829 0.6272675223030637 200
w 480 0 608 0 0
g 480 240 480 272 0
w 656 64 656 80 1
w 608 0 656 0 0
w 480 128 512 128 0
r 480 0 480 128 0 819.9999999999999
t 608 32 656 32 0 1 -2.8290740959271865 0.6514513486566322 200
w 656 0 656 16 0
w 656 48 656 64 0
w 608 32 512 128 0
r 480 160 480 240 0 1200
