$ 1 0.000001 5.023272298708815 51 7 50
R 480 64 480 0 0 0 40 24 0 0 0.5
r 480 64 480 144 0 1
209 576 176 576 240 0 0.00009999999999999999 14.483337148235766 1
403 416 288 544 352 0 2_16_0_37130_20_0.1_0_2_2_3
w 480 176 576 176 3
r 688 176 688 288 0 100
g 688 288 688 320 0
g 480 224 480 256 0
l 576 176 688 176 0 0.00015 0.1448442356148999
r 432 160 384 160 0 10000
R 384 160 304 160 0 2 960 24 0 0 0.75
403 -32 192 384 256 0 10_4_0_37130_40_0.1_0_2_10_3
t 432 160 480 160 0 -1 9.516662850764227 -9.999077121847222e-10 100
g 576 240 576 256 0
403 736 224 864 288 0 5_16_0_37129_40_0.2_0_2_5_3
209 480 176 480 224 0 0.00009999999999999999 14.483337148235766 1
38 10 5 25 75 Duty\sCycle
