$ 1 5.000000000000001e-7 78.57719942274176 31 5 50 5e-11
368 368 400 368 432 0 2
w 416 272 368 272 0
172 416 176 416 112 0 7 12 12 0 0 0.5 Voltage
w 480 240 528 240 0
w 480 272 480 240 0
w 416 272 480 272 0
w 640 176 416 176 0
g 640 320 640 352 0 0
r 640 256 640 320 0 10000
r 640 256 640 176 0 10000
w 576 256 640 256 0
g 576 320 576 352 0 0
w 576 256 576 288 0
w 528 272 528 304 0
t 528 304 576 304 0 1 -5.748732711647721 0.2512589239662887 100 default
t 576 256 528 256 0 -1 5.748732711647721 0.892988137104628 100 default
w 304 176 416 176 0
g 304 336 304 352 0 0
g 416 336 416 352 0 0
c 416 272 416 336 0 1e-9 5.107003498509381 0.001
r 416 240 416 176 0 3300
t 304 256 416 256 0 -1 5.803562742004755 -0.5485310126478762 100 default
r 304 256 304 336 0 10000
r 304 176 304 256 0 1000
a 448 496 544 496 8 12 0 1000000 9.602681379737346 10.928286992709186 100000
v 448 656 448 608 0 0 40 11 0 0 0.5
g 448 656 448 672 0 0
368 544 496 544 432 0 0
w 448 480 448 400 0
w 448 400 368 400 0
403 496 528 704 640 0 27_4_0_37130_20_0.1_0_2_27_3
403 0 336 192 432 0 0_4_0_37130_20_0.1_0_2_0_3
c 368 320 368 400 0 1e-9 -4.49584931651025 0.001
d 272 400 368 400 2 default
g 272 400 272 432 0 0
368 448 512 368 464 0 0
r 368 272 368 320 0 1000
x 362 731 518 734 4 18 Vsense\sfrom\soutput
t 656 496 768 496 0 1 0.5978102804552647 0.6349098330634922 100 default
r 656 496 544 496 0 10000
w 640 176 816 176 0
w 768 320 768 384 1
g 768 512 768 592 0 0
r 768 384 768 480 0 10000
O 832 480 928 480 0 0
403 864 528 1088 640 0 44_4_0_37130_0.15625_0.1_0_1
w 304 176 224 176 0
w 224 176 224 432 0
r 224 432 224 512 0 10000
r 224 512 224 592 0 2200
g 224 592 224 624 0 0
d 224 512 448 512 2 default
d 448 608 448 560 2 default
f 832 240 832 176 40 3.5 3
w 832 480 768 480 0
r 832 240 832 480 0 1000
d 928 320 928 176 2 1N4148
w 928 176 848 176 0
g 928 320 928 336 0 0
l 928 176 1056 176 0 0.00015 2.913261415144849e-7 0
209 1056 176 1056 320 0 0.000047 0.0009845022637295282 0.001 1
g 1056 320 1056 336 0 0
w 1056 176 1120 176 0
g 1184 320 1184 336 0 0
p 1184 176 1184 320 1 0 0
403 1056 16 1248 128 0 64_4_0_37130_0.0048828125_0.1_0_1
r 1120 176 1120 320 0 1000
g 1120 320 1120 336 0 0
w 1120 176 1184 176 0
R 768 320 768 272 0 0 40 24 0 0 0.5
d 448 560 448 512 2 default
38 25 0 0 11 Voltage
