$ 1 2.5000000000000004e-7 6.724437240923179 50 5 50
172 304 496 400 496 0 7 5 5 0 0 0.5 Voltage
r 304 432 304 496 0 100000
g 208 432 208 464 0
174 400 288 432 320 1 10000 0.49010000000000004 Resistance
w 320 304 320 320 0
w 320 304 304 304 0
w 320 288 320 304 0
d 400 320 320 320 2 default
d 320 288 400 288 2 default
p 512 368 512 448 1 0
g 512 448 512 464 0
w 432 368 512 368 0
g 208 304 208 336 0
c 304 304 208 304 0 1e-8 2.2191572805093953
r 304 432 208 432 0 100000
w 304 384 304 432 0
r 432 432 304 432 0 100000
w 432 368 432 432 0
w 432 304 432 368 0
w 304 352 304 304 0
a 304 368 432 368 8 5 0 1000000 2.2191572805093953 1.6666482496989725 100000
a 512 352 640 352 8 24 -24 1000000 -0.0000552477539590666 -0.000055250903081042274 100000
w 512 336 512 288 0
w 640 288 640 352 0
g 640 464 640 480 0
p 640 352 640 464 1 0
l 800 448 800 368 0 0.00025 -0.09957228146678622
r 736 352 640 352 0 2200
g 800 448 800 480 0
172 800 336 800 192 0 7 12 12 0 0 0.5 Voltage
403 944 272 1216 400 0 26_16_0_37130_40_0.1_0_2_26_3
403 944 384 1216 528 0 26_16_0_37121_2.5_3.2_0_2_26_3
r 640 288 512 288 0 47000
r 512 288 512 192 0 10000
g 512 192 512 144 0
w 864 368 800 368 0
w 864 448 800 448 0
c 864 368 864 448 0 1e-9 -2.8891499632808606
t 736 352 800 352 0 1 -14.174775617194904 0.7143743460859575 100
